@-webkit-keyframes anim1591764878403 {
  0% {
    -webkit-transform: matrix3d(1, 2.44929e-16, -2.44929e-16, 0, -2.44929e-16, 1, 2.44929e-16, 0, 2.44929e-16, -2.44929e-16, 1, 0, 0, 0, 0, 1);
  }

  1% {
    -webkit-transform: matrix3d(1, 0.00088, -2.44714e-16, 0, -0.00088, 1, 2.45145e-16, 0, 2.44929e-16, -2.44929e-16, 1, 0, 0.33541, 0, 0, 1);
  }

  2% {
    -webkit-transform: matrix3d(1, 0.00101, -2.44682e-16, 0, -0.00101, 1, 2.45177e-16, 0, 2.44929e-16, -2.44929e-16, 1, 0, 0.38529, 0, 0, 1);
  }

  3% {
    -webkit-transform: matrix3d(1, 0.00116, -2.44645e-16, 0, -0.00116, 1, 2.45213e-16, 0, 2.44929e-16, -2.44929e-16, 1, 0, 0.44258, 0, 0, 1);
  }

  4% {
    -webkit-transform: matrix3d(1, 0.00134, -2.44601e-16, 0, -0.00134, 1, 2.45257e-16, 0, 2.44929e-16, -2.44929e-16, 1, 0, 0.50839, 0, 0, 1);
  }

  5% {
    -webkit-transform: matrix3d(1, 0.00153, -2.44554e-16, 0, -0.00153, 1, 2.45304e-16, 0, 2.44929e-16, -2.44929e-16, 1, 0, 0.58398, 0, 0, 1);
  }

  6% {
    -webkit-transform: matrix3d(1, 0.00176, -2.44498e-16, 0, -0.00176, 1, 2.4536e-16, 0, 2.44929e-16, -2.44929e-16, 1, 0, 0.67082, 0, 0, 1);
  }

  7% {
    -webkit-transform: matrix3d(1, 0.00202, -2.44434e-16, 0, -0.00202, 1, 2.45424e-16, 0, 2.44929e-16, -2.44929e-16, 1, 0, 0.77057, 0, 0, 1);
  }

  8% {
    -webkit-transform: matrix3d(1, 0.00233, -2.44358e-16, 0, -0.00233, 1, 2.45499e-16, 0, 2.44929e-16, -2.44929e-16, 1, 0, 0.88515, 0, 0, 1);
  }

  9% {
    -webkit-transform: matrix3d(1, 0.00267, -2.44275e-16, 0, -0.00267, 1, 2.45582e-16, 0, 2.44929e-16, -2.44929e-16, 1, 0, 1.01678, 0, 0, 1);
  }

  10% {
    -webkit-transform: matrix3d(0.99999, 0.00352, -2.44066e-16, 0, -0.00352, 0.99999, 2.4579e-16, 0, 2.44929e-16, -2.44929e-16, 1, 0, 1.34164, 0, 0, 1);
  }

  11% {
    -webkit-transform: matrix3d(0.99999, 0.00405, -2.43935e-16, 0, -0.00405, 0.99999, 2.45919e-16, 0, 2.44929e-16, -2.44929e-16, 1, 0, 1.54114, 0, 0, 1);
  }

  12% {
    -webkit-transform: matrix3d(0.99999, 0.00465, -2.43788e-16, 0, -0.00465, 0.99999, 2.46066e-16, 0, 2.44929e-16, -2.44929e-16, 1, 0, 1.77031, 0, 0, 1);
  }

  13% {
    -webkit-transform: matrix3d(0.99999, 0.00534, -2.43618e-16, 0, -0.00534, 0.99999, 2.46234e-16, 0, 2.44929e-16, -2.44929e-16, 1, 0, 2.03355, 0, 0, 1);
  }

  15% {
    -webkit-transform: matrix3d(0.99998, 0.00614, -2.43421e-16, 0, -0.00614, 0.99998, 2.46429e-16, 0, 2.44929e-16, -2.44929e-16, 1, 0, 2.33594, 0, 0, 1);
  }

  16% {
    -webkit-transform: matrix3d(0.99998, 0.00705, -2.43197e-16, 0, -0.00705, 0.99998, 2.4665e-16, 0, 2.44929e-16, -2.44929e-16, 1, 0, 2.68329, 0, 0, 1);
  }

  17% {
    -webkit-transform: matrix3d(0.99997, 0.0081, -2.42937e-16, 0, -0.0081, 0.99997, 2.46905e-16, 0, 2.44929e-16, -2.44929e-16, 1, 0, 3.08229, 0, 0, 1);
  }

  18% {
    -webkit-transform: matrix3d(0.99996, 0.0093, -2.42641e-16, 0, -0.0093, 0.99996, 2.47197e-16, 0, 2.44929e-16, -2.44929e-16, 1, 0, 3.54062, 0, 0, 1);
  }

  19% {
    -webkit-transform: matrix3d(0.99994, 0.01068, -2.423e-16, 0, -0.01068, 0.99994, 2.47531e-16, 0, 2.44929e-16, -2.44929e-16, 1, 0, 4.0671, 0, 0, 1);
  }

  20% {
    -webkit-transform: matrix3d(0.99992, 0.01227, -2.41906e-16, 0, -0.01227, 0.99992, 2.47916e-16, 0, 2.44929e-16, -2.44929e-16, 1, 0, 4.67188, 0, 0, 1);
  }

  21% {
    -webkit-transform: matrix3d(0.9999, 0.0141, -2.41452e-16, 0, -0.0141, 0.9999, 2.48358e-16, 0, 2.44929e-16, -2.44929e-16, 1, 0, 5.36658, 0, 0, 1);
  }

  22% {
    -webkit-transform: matrix3d(0.99987, 0.01619, -2.40932e-16, 0, -0.01619, 0.99987, 2.48862e-16, 0, 2.44929e-16, -2.44929e-16, 1, 0, 6.16458, 0, 0, 1);
  }

  23% {
    -webkit-transform: matrix3d(0.99983, 0.0186, -2.40332e-16, 0, -0.0186, 0.99983, 2.49442e-16, 0, 2.44929e-16, -2.44929e-16, 1, 0, 7.08124, 0, 0, 1);
  }

  24% {
    -webkit-transform: matrix3d(0.99977, 0.02137, -2.3964e-16, 0, -0.02137, 0.99977, 2.50107e-16, 0, 2.44929e-16, -2.44929e-16, 1, 0, 8.13421, 0, 0, 1);
  }

  25% {
    -webkit-transform: matrix3d(0.9997, 0.02454, -2.38846e-16, 0, -0.02454, 0.9997, 2.50866e-16, 0, 2.44929e-16, -2.44929e-16, 1, 0, 9.34375, 0, 0, 1);
  }

  26% {
    -webkit-transform: matrix3d(0.9996, 0.02819, -2.37928e-16, 0, -0.02819, 0.9996, 2.51736e-16, 0, 2.44929e-16, -2.44929e-16, 1, 0, 10.73315, 0, 0, 1);
  }

  27% {
    -webkit-transform: matrix3d(0.99948, 0.03238, -2.36869e-16, 0, -0.03238, 0.99948, 2.52733e-16, 0, 2.44929e-16, -2.44929e-16, 1, 0, 12.32915, 0, 0, 1);
  }

  28% {
    -webkit-transform: matrix3d(0.99931, 0.03719, -2.35651e-16, 0, -0.03719, 0.99931, 2.53869e-16, 0, 2.44929e-16, -2.44929e-16, 1, 0, 14.16248, 0, 0, 1);
  }

  29% {
    -webkit-transform: matrix3d(0.99909, 0.04272, -2.34243e-16, 0, -0.04272, 0.99909, 2.55168e-16, 0, 2.44929e-16, -2.44929e-16, 1, 0, 16.26841, 0, 0, 1);
  }

  30% {
    -webkit-transform: matrix3d(0.9988, 0.04907, -2.32616e-16, 0, -0.04907, 0.9988, 2.56653e-16, 0, 2.44929e-16, -2.44929e-16, 1, 0, 18.6875, 0, 0, 1);
  }

  31% {
    -webkit-transform: matrix3d(0.99841, 0.05636, -2.30736e-16, 0, -0.05636, 0.99841, 2.58344e-16, 0, 2.44929e-16, -2.44929e-16, 1, 0, 21.4663, 0, 0, 1);
  }

  32% {
    -webkit-transform: matrix3d(0.9979, 0.06472, -2.28563e-16, 0, -0.06472, 0.9979, 2.60269e-16, 0, 2.44929e-16, -2.44929e-16, 1, 0, 24.6583, 0, 0, 1);
  }

  33% {
    -webkit-transform: matrix3d(0.99723, 0.07433, -2.26046e-16, 0, -0.07433, 0.99723, 2.62458e-16, 0, 2.44929e-16, -2.44929e-16, 1, 0, 28.32495, 0, 0, 1);
  }

  34% {
    -webkit-transform: matrix3d(0.99635, 0.08537, -2.23127e-16, 0, -0.08537, 0.99635, 2.64944e-16, 0, 2.44929e-16, -2.44929e-16, 1, 0, 32.53683, 0, 0, 1);
  }

  35% {
    -webkit-transform: matrix3d(0.99519, 0.09801, -2.19744e-16, 0, -0.09801, 0.99519, 2.67756e-16, 0, 2.44929e-16, -2.44929e-16, 1, 0, 37.375, 0, 0, 1);
  }

  36% {
    -webkit-transform: matrix3d(0.99365, 0.11253, -2.15811e-16, 0, -0.11253, 0.99365, 2.70936e-16, 0, 2.44929e-16, -2.44929e-16, 1, 0, 42.9326, 0, 0, 1);
  }

  37% {
    -webkit-transform: matrix3d(0.99162, 0.12918, -2.11238e-16, 0, -0.12918, 0.99162, 2.74517e-16, 0, 2.44929e-16, -2.44929e-16, 1, 0, 49.31661, 0, 0, 1);
  }

  38% {
    -webkit-transform: matrix3d(0.98895, 0.14826, -2.05909e-16, 0, -0.14826, 0.98895, 2.78536e-16, 0, 2.44929e-16, -2.44929e-16, 1, 0, 56.64991, 0, 0, 1);
  }

  39% {
    -webkit-transform: matrix3d(0.98543, 0.1701, -1.99698e-16, 0, -0.1701, 0.98543, 2.83022e-16, 0, 2.44929e-16, -2.44929e-16, 1, 0, 65.07365, 0, 0, 1);
  }

  40% {
    -webkit-transform: matrix3d(0.98079, 0.19509, -1.9244e-16, 0, -0.19509, 0.98079, 2.88007e-16, 0, 2.44929e-16, -2.44929e-16, 1, 0, 74.75, 0, 0, 1);
  }

  41% {
    -webkit-transform: matrix3d(0.97467, 0.22364, -1.83949e-16, 0, -0.22364, 0.97467, 2.93502e-16, 0, 2.44929e-16, -2.44929e-16, 1, 0, 85.8652, 0, 0, 1);
  }

  42% {
    -webkit-transform: matrix3d(0.96663, 0.25619, -1.74006e-16, 0, -0.25619, 0.96663, 2.99504e-16, 0, 2.44929e-16, -2.44929e-16, 1, 0, 98.63322, 0, 0, 1);
  }

  43% {
    -webkit-transform: matrix3d(0.95604, 0.29324, -1.6234e-16, 0, -0.29324, 0.95604, 3.05984e-16, 0, 2.44929e-16, -2.44929e-16, 1, 0, 113.29981, 0, 0, 1);
  }

  44% {
    -webkit-transform: matrix3d(0.94213, 0.33524, -1.48646e-16, 0, -0.33524, 0.94213, 3.12866e-16, 0, 2.44929e-16, -2.44929e-16, 1, 0, 130.14731, 0, 0, 1);
  }

  45% {
    -webkit-transform: matrix3d(0.92388, 0.38268, -1.32555e-16, 0, -0.38268, 0.92388, 3.20016e-16, 0, 2.44929e-16, -2.44929e-16, 1, 0, 149.5, 0, 0, 1);
  }

  46% {
    -webkit-transform: matrix3d(0.89997, 0.43595, -1.13654e-16, 0, -0.43595, 0.89997, 3.27206e-16, 0, 2.44929e-16, -2.44929e-16, 1, 0, 171.73039, 0, 0, 1);
  }

  47% {
    -webkit-transform: matrix3d(0.86873, 0.49529, -9.14654e-17, 0, -0.49529, 0.86873, 3.34088e-16, 0, 2.44929e-16, -2.44929e-16, 1, 0, 197.26643, 0, 0, 1);
  }

  48% {
    -webkit-transform: matrix3d(0.82803, 0.56069, -6.5478e-17, 0, -0.56069, 0.82803, 3.40137e-16, 0, 2.44929e-16, -2.44929e-16, 1, 0, 226.59962, 0, 0, 1);
  }

  49% {
    -webkit-transform: matrix3d(0.77522, 0.63169, -3.51554e-17, 0, -0.63169, 0.77522, 3.44594e-16, 0, 2.44929e-16, -2.44929e-16, 1, 0, 260.29462, 0, 0, 1);
  }

  50% {
    -webkit-transform: matrix3d(0.70711, 0.70711, 6.22669e-22, 0, -0.70711, 0.70711, 3.46382e-16, 0, 2.44929e-16, -2.44929e-16, 1, 0, 299, 0, 0, 1);
  }

  51% {
    -webkit-transform: matrix3d(0.63169, 0.77522, 3.51567e-17, 0, -0.77522, 0.63169, 3.44594e-16, 0, 2.44929e-16, -2.44929e-16, 1, 0, 337.70538, 0, 0, 1);
  }

  52% {
    -webkit-transform: matrix3d(0.56069, 0.82803, 6.54792e-17, 0, -0.82803, 0.56069, 3.40137e-16, 0, 2.44929e-16, -2.44929e-16, 1, 0, 371.40036, 0, 0, 1);
  }

  53% {
    -webkit-transform: matrix3d(0.49529, 0.86873, 9.14666e-17, 0, -0.86873, 0.49529, 3.34088e-16, 0, 2.44929e-16, -2.44929e-16, 1, 0, 400.73358, 0, 0, 1);
  }

  54% {
    -webkit-transform: matrix3d(0.43595, 0.89997, 1.13651e-16, 0, -0.89997, 0.43595, 3.27207e-16, 0, 2.44929e-16, -2.44929e-16, 1, 0, 426.26959, 0, 0, 1);
  }

  55% {
    -webkit-transform: matrix3d(0.38268, 0.92388, 1.32556e-16, 0, -0.92388, 0.38268, 3.20015e-16, 0, 2.44929e-16, -2.44929e-16, 1, 0, 448.5, 0, 0, 1);
  }

  56% {
    -webkit-transform: matrix3d(0.33525, 0.94213, 1.48644e-16, 0, -0.94213, 0.33525, 3.12867e-16, 0, 2.44929e-16, -2.44929e-16, 1, 0, 467.85269, 0, 0, 1);
  }

  57% {
    -webkit-transform: matrix3d(0.29323, 0.95604, 1.62341e-16, 0, -0.95604, 0.29323, 3.05984e-16, 0, 2.44929e-16, -2.44929e-16, 1, 0, 484.7002, 0, 0, 1);
  }

  58% {
    -webkit-transform: matrix3d(0.2562, 0.96662, 1.74004e-16, 0, -0.96662, 0.2562, 2.99505e-16, 0, 2.44929e-16, -2.44929e-16, 1, 0, 499.36679, 0, 0, 1);
  }

  59% {
    -webkit-transform: matrix3d(0.22364, 0.97467, 1.8395e-16, 0, -0.97467, 0.22364, 2.93502e-16, 0, 2.44929e-16, -2.44929e-16, 1, 0, 512.13483, 0, 0, 1);
  }

  60% {
    -webkit-transform: matrix3d(0.19509, 0.98079, 1.92441e-16, 0, -0.98079, 0.19509, 2.88006e-16, 0, 2.44929e-16, -2.44929e-16, 1, 0, 523.25, 0, 0, 1);
  }

  61% {
    -webkit-transform: matrix3d(0.17011, 0.98543, 1.99696e-16, 0, -0.98543, 0.17011, 2.83023e-16, 0, 2.44929e-16, -2.44929e-16, 1, 0, 532.92633, 0, 0, 1);
  }

  62% {
    -webkit-transform: matrix3d(0.14826, 0.98895, 2.0591e-16, 0, -0.98895, 0.14826, 2.78535e-16, 0, 2.44929e-16, -2.44929e-16, 1, 0, 541.3501, 0, 0, 1);
  }

  63% {
    -webkit-transform: matrix3d(0.12918, 0.99162, 2.11236e-16, 0, -0.99162, 0.12918, 2.74518e-16, 0, 2.44929e-16, -2.44929e-16, 1, 0, 548.68341, 0, 0, 1);
  }

  64% {
    -webkit-transform: matrix3d(0.11254, 0.99365, 2.1581e-16, 0, -0.99365, 0.11254, 2.70937e-16, 0, 2.44929e-16, -2.44929e-16, 1, 0, 555.06738, 0, 0, 1);
  }

  65% {
    -webkit-transform: matrix3d(0.09802, 0.99518, 2.19742e-16, 0, -0.99518, 0.09802, 2.67758e-16, 0, 2.44929e-16, -2.44929e-16, 1, 0, 560.625, 0, 0, 1);
  }

  66% {
    -webkit-transform: matrix3d(0.08536, 0.99635, 2.23128e-16, 0, -0.99635, 0.08536, 2.64943e-16, 0, 2.44929e-16, -2.44929e-16, 1, 0, 565.4632, 0, 0, 1);
  }

  67% {
    -webkit-transform: matrix3d(0.07434, 0.99723, 2.26044e-16, 0, -0.99723, 0.07434, 2.62459e-16, 0, 2.44929e-16, -2.44929e-16, 1, 0, 569.67505, 0, 0, 1);
  }

  68% {
    -webkit-transform: matrix3d(0.06472, 0.9979, 2.28564e-16, 0, -0.9979, 0.06472, 2.60268e-16, 0, 2.44929e-16, -2.44929e-16, 1, 0, 573.34167, 0, 0, 1);
  }

  69% {
    -webkit-transform: matrix3d(0.05636, 0.99841, 2.30737e-16, 0, -0.99841, 0.05636, 2.58343e-16, 0, 2.44929e-16, -2.44929e-16, 1, 0, 576.53369, 0, 0, 1);
  }

  70% {
    -webkit-transform: matrix3d(0.04907, 0.9988, 2.32617e-16, 0, -0.9988, 0.04907, 2.56652e-16, 0, 2.44929e-16, -2.44929e-16, 1, 0, 579.3125, 0, 0, 1);
  }

  71% {
    -webkit-transform: matrix3d(0.04272, 0.99909, 2.34242e-16, 0, -0.99909, 0.04272, 2.5517e-16, 0, 2.44929e-16, -2.44929e-16, 1, 0, 581.73157, 0, 0, 1);
  }

  72% {
    -webkit-transform: matrix3d(0.03719, 0.99931, 2.35652e-16, 0, -0.99931, 0.03719, 2.53868e-16, 0, 2.44929e-16, -2.44929e-16, 1, 0, 583.83752, 0, 0, 1);
  }

  73% {
    -webkit-transform: matrix3d(0.03238, 0.99948, 2.3687e-16, 0, -0.99948, 0.03238, 2.52732e-16, 0, 2.44929e-16, -2.44929e-16, 1, 0, 585.67084, 0, 0, 1);
  }

  74% {
    -webkit-transform: matrix3d(0.02819, 0.9996, 2.37927e-16, 0, -0.9996, 0.02819, 2.51737e-16, 0, 2.44929e-16, -2.44929e-16, 1, 0, 587.26685, 0, 0, 1);
  }

  75% {
    -webkit-transform: matrix3d(0.02454, 0.9997, 2.38844e-16, 0, -0.9997, 0.02454, 2.50867e-16, 0, 2.44929e-16, -2.44929e-16, 1, 0, 588.65625, 0, 0, 1);
  }

  76% {
    -webkit-transform: matrix3d(0.02136, 0.99977, 2.39641e-16, 0, -0.99977, 0.02136, 2.50106e-16, 0, 2.44929e-16, -2.44929e-16, 1, 0, 589.86578, 0, 0, 1);
  }

  77% {
    -webkit-transform: matrix3d(0.0186, 0.99983, 2.40332e-16, 0, -0.99983, 0.0186, 2.49442e-16, 0, 2.44929e-16, -2.44929e-16, 1, 0, 590.91876, 0, 0, 1);
  }

  78% {
    -webkit-transform: matrix3d(0.0162, 0.99987, 2.4093e-16, 0, -0.99987, 0.0162, 2.48864e-16, 0, 2.44929e-16, -2.44929e-16, 1, 0, 591.83545, 0, 0, 1);
  }

  79% {
    -webkit-transform: matrix3d(0.0141, 0.9999, 2.41453e-16, 0, -0.9999, 0.0141, 2.48358e-16, 0, 2.44929e-16, -2.44929e-16, 1, 0, 592.63342, 0, 0, 1);
  }

  80% {
    -webkit-transform: matrix3d(0.01228, 0.99992, 2.41904e-16, 0, -0.99992, 0.01228, 2.47918e-16, 0, 2.44929e-16, -2.44929e-16, 1, 0, 593.32813, 0, 0, 1);
  }

  81% {
    -webkit-transform: matrix3d(0.01069, 0.99994, 2.42298e-16, 0, -0.99994, 0.01069, 2.47533e-16, 0, 2.44929e-16, -2.44929e-16, 1, 0, 593.93292, 0, 0, 1);
  }

  82% {
    -webkit-transform: matrix3d(0.0093, 0.99996, 2.42642e-16, 0, -0.99996, 0.0093, 2.47196e-16, 0, 2.44929e-16, -2.44929e-16, 1, 0, 594.45935, 0, 0, 1);
  }

  83% {
    -webkit-transform: matrix3d(0.0081, 0.99997, 2.42938e-16, 0, -0.99997, 0.0081, 2.46904e-16, 0, 2.44929e-16, -2.44929e-16, 1, 0, 594.91772, 0, 0, 1);
  }

  84% {
    -webkit-transform: matrix3d(0.00705, 0.99998, 2.43197e-16, 0, -0.99998, 0.00705, 2.46649e-16, 0, 2.44929e-16, -2.44929e-16, 1, 0, 595.31671, 0, 0, 1);
  }

  85% {
    -webkit-transform: matrix3d(0.00614, 0.99998, 2.43422e-16, 0, -0.99998, 0.00614, 2.46428e-16, 0, 2.44929e-16, -2.44929e-16, 1, 0, 595.66406, 0, 0, 1);
  }

  86% {
    -webkit-transform: matrix3d(0.00535, 0.99999, 2.43616e-16, 0, -0.99999, 0.00535, 2.46235e-16, 0, 2.44929e-16, -2.44929e-16, 1, 0, 595.96643, 0, 0, 1);
  }

  87% {
    -webkit-transform: matrix3d(0.00465, 0.99999, 2.43789e-16, 0, -0.99999, 0.00465, 2.46065e-16, 0, 2.44929e-16, -2.44929e-16, 1, 0, 596.22968, 0, 0, 1);
  }

  88% {
    -webkit-transform: matrix3d(0.00405, 0.99999, 2.43936e-16, 0, -0.99999, 0.00405, 2.45918e-16, 0, 2.44929e-16, -2.44929e-16, 1, 0, 596.45886, 0, 0, 1);
  }

  89% {
    -webkit-transform: matrix3d(0.00353, 0.99999, 2.44064e-16, 0, -0.99999, 0.00353, 2.45792e-16, 0, 2.44929e-16, -2.44929e-16, 1, 0, 596.65839, 0, 0, 1);
  }

  90% {
    -webkit-transform: matrix3d(0.00307, 1, 2.44177e-16, 0, -1, 0.00307, 2.45679e-16, 0, 2.44929e-16, -2.44929e-16, 1, 0, 596.83203, 0, 0, 1);
  }

  91% {
    -webkit-transform: matrix3d(0.00267, 1, 2.44275e-16, 0, -1, 0.00267, 2.45582e-16, 0, 2.44929e-16, -2.44929e-16, 1, 0, 596.98322, 0, 0, 1);
  }

  92% {
    -webkit-transform: matrix3d(0.00233, 1, 2.44359e-16, 0, -1, 0.00233, 2.45498e-16, 0, 2.44929e-16, -2.44929e-16, 1, 0, 597.11487, 0, 0, 1);
  }

  93% {
    -webkit-transform: matrix3d(0.00203, 1, 2.44433e-16, 0, -1, 0.00203, 2.45425e-16, 0, 2.44929e-16, -2.44929e-16, 1, 0, 597.22943, 0, 0, 1);
  }

  94% {
    -webkit-transform: matrix3d(0.00177, 1, 2.44496e-16, 0, -1, 0.00177, 2.45362e-16, 0, 2.44929e-16, -2.44929e-16, 1, 0, 597.32916, 0, 0, 1);
  }

  95% {
    -webkit-transform: matrix3d(0.00154, 1, 2.44553e-16, 0, -1, 0.00154, 2.45305e-16, 0, 2.44929e-16, -2.44929e-16, 1, 0, 597.41602, 0, 0, 1);
  }

  96% {
    -webkit-transform: matrix3d(0.00134, 1, 2.44602e-16, 0, -1, 0.00134, 2.45256e-16, 0, 2.44929e-16, -2.44929e-16, 1, 0, 597.49164, 0, 0, 1);
  }

  97% {
    -webkit-transform: matrix3d(0.00117, 1, 2.44644e-16, 0, -1, 0.00117, 2.45215e-16, 0, 2.44929e-16, -2.44929e-16, 1, 0, 597.55743, 0, 0, 1);
  }

  98% {
    -webkit-transform: matrix3d(0.00102, 1, 2.4468e-16, 0, -1, 0.00102, 2.45178e-16, 0, 2.44929e-16, -2.44929e-16, 1, 0, 597.61469, 0, 0, 1);
  }

  99% {
    -webkit-transform: matrix3d(0.00088, 1, 2.44715e-16, 0, -1, 0.00088, 2.45144e-16, 0, 2.44929e-16, -2.44929e-16, 1, 0, 597.66461, 0, 0, 1);
  }

  100% {
    -webkit-transform: matrix3d(-2.22045e-16, 1, 0, 0, -1, -2.22045e-16, 0, 0, 0, 0, 1, 0, 598, 0, 0, 1);
  }

 }